1.035764
1.038971
1.040778
1.041936
1.042740
1.043332
1.043785
1.044143
1.044433
1.044673
1.044874
1.045046
1.045194
1.045323
1.045437
1.045537
1.045627
1.045707
1.045780
1.045846
1.045906
1.045961
1.046011
1.046058
1.046101
1.046140
1.046177
1.046212
1.046244
1.046275
1.046303
1.046330
1.046355
1.046379
1.046401
1.046422
1.046442
1.046461
1.046480
1.046497
1.046513
1.046529
1.046544
1.046558
1.046572
1.046585
1.046598
1.046610
1.046622
1.046633
1.046644
1.046654
1.046664
1.046674
1.046683
1.046692
1.046700
1.046709
1.046717
1.046725
1.046732
1.046740
1.046747
1.046754
1.046760
1.046767
1.046773
1.046779
1.046785
1.046791
1.046796
1.046802
1.046807
1.046812
1.046817
1.046822
1.046827
1.046832
1.046836
1.046841
1.046845
1.046849
1.046853
1.046857
1.046861
1.046865
1.046869
1.046873
1.046876
1.046880
1.046883
1.046886
1.046890
1.046893
1.046896
1.046899
1.046902
1.046905
1.046908
1.046911
1.046914
1.046917
1.046919
1.046922
1.046924
1.046927
1.046929
1.046932
1.046934
1.046937
1.046939
1.046941
1.046944
1.046946
1.046948
1.046950
1.046952
1.046954
1.046956
1.046958
1.046960
1.046962
1.046964
1.046966
1.046968
1.046969
1.046971
1.046973
1.046975
1.046976
1.046978
1.046980
1.046981
1.046983
1.046984
1.046986
1.046988
1.046989
1.046991
1.046992
1.046993
1.046995
1.046996
1.046998
1.046999
1.047000
1.047002
1.047003
1.047004
1.047006
1.047007
1.047008
1.047009
1.047011
1.047012
1.047013
1.047014
1.047015
1.047016
1.047017
1.047019
1.047020
1.047021
1.047022
1.047023
1.047024
1.047025
1.047026
1.047027
1.047028
1.047029
1.047030
1.047031
1.047032
1.047033
1.047034
1.047035
1.047036
1.047036
1.047037
1.047038
1.047039
1.047040
1.047041
1.047042
1.047042
1.047043
1.047044
1.047045
1.047046
1.047046
1.047047
1.047048
1.047049
1.047050
1.047050
1.047051
1.047052
1.047052
1.047053
1.047054
1.047055
1.047055
1.047056
1.047057
1.047057
1.047058
1.047059
1.047059
1.047060
1.047061
1.047061
1.047062
1.047063
1.047063
1.047064
1.047064
1.047065
1.047066
1.047066
1.047067
1.047067
1.047068
1.047069
1.047069
1.047070
1.047070
1.047071
1.047071
1.047072
1.047072
1.047073
1.047074
1.047074
1.047075
1.047075
1.047076
1.047076
1.047077
1.047077
1.047078
1.047078
1.047079
1.047079
1.047080
1.047080
1.047081
1.047081
1.047081
1.047082
1.047082
1.047083
1.047083
1.047084
1.047084
1.047085
1.047085
1.047085
1.047086
1.047086
1.047087
1.047087
1.047088
1.047088
1.047088
1.047089
1.047089
1.047090
1.047090
1.047090
1.047091
1.047091
1.047092
1.047092
1.047092
1.047093
1.047093
1.047093
1.047094
1.047094
1.047095
1.047095
1.047095
1.047096
1.047096
1.047096
1.047097
1.047097
1.047097
1.047098
1.047098
1.047098
1.047099
1.047099
1.047099
1.047100
1.047100
1.047100
1.047101
1.047101
1.047101
1.047102
1.047102
1.047102
1.047103
1.047103
1.047103
1.047104
1.047104
1.047104
1.047104
1.047105
1.047105
1.047105
1.047106
1.047106
1.047106
1.047107
1.047107
1.047107
1.047107
1.047108
1.047108
1.047108
1.047108
1.047109
1.047109
1.047109
1.047110
1.047110
1.047110
1.047110
1.047111
1.047111
1.047111
1.047111
1.047112
1.047112
1.047112
1.047112
1.047113
1.047113
1.047113
1.047113
1.047114
1.047114
1.047114
1.047114
1.047115
1.047115
1.047115
1.047115
1.047115
1.047116
1.047116
1.047116
1.047116
1.047117
1.047117
1.047117
1.047117
1.047118
1.047118
1.047118
1.047118
1.047118
1.047119
1.047119
1.047119
1.047119
1.047119
1.047120
1.047120
1.047120
1.047120
1.047120
1.047121
1.047121
1.047121
1.047121
1.047122
1.047122
1.047122
1.047122
1.047122
1.047122
1.047123
1.047123
1.047123
1.047123
1.047123
1.047124
1.047124
1.047124
1.047124
1.047124
1.047125
1.047125
1.047125
1.047125
1.047125
1.047125
1.047126
1.047126
1.047126
1.047126
1.047126
1.047127
1.047127
1.047127
1.047127
1.047127
1.047127
1.047128
1.047128
1.047128
1.047128
1.047128
1.047128
1.047129
1.047129
1.047129
1.047129
1.047129
1.047129
1.047130
1.047130
1.047130
1.047130
1.047130
1.047130
1.047130
1.047131
1.047131
1.047131
1.047131
1.047131
1.047131
1.047132
1.047132
1.047132
1.047132
1.047132
1.047132
1.047132
1.047133
1.047133
1.047133
1.047133
1.047133
1.047133
1.047133
1.047134
1.047134
1.047134
1.047134
1.047134
1.047134
1.047134
1.047135
1.047135
1.047135
1.047135
1.047135
1.047135
1.047135
1.047135
1.047136
1.047136
1.047136
1.047136
1.047136
1.047136
1.047136
1.047137
1.047137
1.047137
1.047137
1.047137
1.047137
1.047137
1.047137
1.047138
1.047138
1.047138
1.047138
1.047138
1.047138
1.047138
1.047138
1.047138
1.047139
1.047139
1.047139
1.047139
1.047139
1.047139
1.047139
1.047139
1.047140
1.047140
1.047140
1.047140
1.047140
1.047140
1.047140
1.047140
1.047140
1.047141
1.047141
1.047141
1.047141
1.047141
1.047141
1.047141
1.047141
1.047141
1.047142
1.047142
1.047142
1.047142
1.047142
1.047142
1.047142
1.047142
1.047142
1.047143
1.047143
1.047143
1.047143
1.047143
1.047143
1.047143
1.047143
1.047143
1.047143
1.047144
1.047144
1.047144
1.047144
1.047144
1.047144
1.047144
1.047144
1.047144
1.047144
1.047145
1.047145
1.047145
1.047145
1.047145
1.047145
1.047145
1.047145
1.047145
1.047145
1.047145
1.047146
1.047146
1.047146
1.047146
1.047146
1.047146
1.047146
1.047146
1.047146
1.047146
1.047146
1.047147
1.047147
1.047147
1.047147
1.047147
1.047147
1.047147
1.047147
1.047147
1.047147
1.047147
1.047148
1.047148
1.047148
1.047148
1.047148
1.047148
1.047148
1.047148
1.047148
1.047148
1.047148
1.047148
1.047149
1.047149
1.047149
1.047149
1.047149
1.047149
1.047149
1.047149
1.047149
1.047149
1.047149
1.047149
1.047150
1.047150
1.047150
1.047150
1.047150
1.047150
1.047150
1.047150
1.047150
1.047150
1.047150
1.047150
1.047150
1.047151
1.047151
1.047151
1.047151
1.047151
1.047151
1.047151
1.047151
1.047151
1.047151
1.047151
1.047151
1.047151
1.047151
1.047152
1.047152
1.047152
1.047152
1.047152
1.047152
1.047152
1.047152
1.047152
1.047152
1.047152
1.047152
1.047152
1.047152
1.047153
1.047153
1.047153
1.047153
1.047153
1.047153
1.047153
1.047153
1.047153
1.047153
1.047153
1.047153
1.047153
1.047153
1.047154
1.047154
1.047154
1.047154
1.047154
1.047154
1.047154
1.047154
1.047154
1.047154
1.047154
1.047154
1.047154
1.047154
1.047154
1.047154
1.047155
1.047155
1.047155
1.047155
1.047155
1.047155
1.047155
1.047155
1.047155
1.047155
1.047155
1.047155
1.047155
1.047155
1.047155
1.047155
1.047156
1.047156
1.047156
1.047156
1.047156
1.047156
1.047156
1.047156
1.047156
1.047156
1.047156
1.047156
1.047156
1.047156
1.047156
1.047156
1.047156
1.047157
1.047157
1.047157
1.047157
1.047157
1.047157
1.047157
1.047157
1.047157
1.047157
1.047157
1.047157
1.047157
1.047157
1.047157
1.047157
1.047157
1.047158
1.047158
1.047158
1.047158
1.047158
1.047158
1.047158
1.047158
1.047158
1.047158
1.047158
1.047158
1.047158
1.047158
1.047158
1.047158
1.047158
1.047158
1.047158
1.047159
1.047159
1.047159
1.047159
1.047159
1.047159
1.047159
1.047159
1.047159
1.047159
1.047159
1.047159
1.047159
1.047159
1.047159
1.047159
1.047159
1.047159
1.047159
1.047160
1.047160
1.047160
1.047160
1.047160
1.047160
1.047160
1.047160
1.047160
1.047160
1.047160
1.047160
1.047160
1.047160
1.047160
1.047160
1.047160
1.047160
1.047160
1.047160
1.047160
1.047161
1.047161
1.047161
1.047161
1.047161
1.047161
1.047161
1.047161
1.047161
1.047161
1.047161
1.047161
1.047161
1.047161
1.047161
1.047161
1.047161
1.047161
1.047161
1.047161
1.047161
1.047161
1.047162
1.047162
1.047162
1.047162
1.047162
1.047162
1.047162
1.047162
1.047162
1.047162
1.047162
1.047162
1.047162
1.047162
1.047162
1.047162
1.047162
1.047162
1.047162
1.047162
1.047162
1.047162
1.047162
1.047163
1.047163
1.047163
1.047163
1.047163
1.047163
1.047163
1.047163
1.047163
1.047163
1.047163
1.047163
1.047163
1.047163
1.047163
1.047163
1.047163
1.047163
1.047163
1.047163
1.047163
1.047163
1.047163
1.047163
1.047164
1.047164
1.047164
1.047164
1.047164
1.047164
1.047164
1.047164
1.047164
1.047164
1.047164
1.047164
1.047164
1.047164
1.047164
1.047164
1.047164
1.047164
1.047164
1.047164
1.047164
1.047164
1.047164
1.047164
1.047164
1.047164
1.047165
1.047165
1.047165
1.047165
1.047165
1.047165
1.047165
1.047165
1.047165
1.047165
1.047165
1.047165
1.047165
1.047165
1.047165
1.047165
1.047165
1.047165
1.047165
1.047165
1.047165
1.047165
1.047165
1.047165
1.047165
1.047165
1.047165
1.047165
1.047166
1.047166
1.047166
1.047166
1.047166
1.047166
1.047166
1.047166
1.047166
1.047166
1.047166
1.047166
1.047166
1.047166
1.047166
1.047166
1.047166
1.047166
1.047166
1.047166
1.047166
1.047166
1.047166
1.047166
1.047166
1.047166
1.047166
1.047166
1.047166
1.047167
1.047167
1.047167
1.047167
1.047167
1.047167
1.047167
1.047167
1.047167
1.047167
1.047167
1.047167
1.047167
1.047167
1.047167
1.047167
1.047167
1.047167
1.047167
1.047167
1.047167
1.047167
1.047167
1.047167
1.047167
1.047167
1.047167
1.047167
1.047167
1.047167
1.047167
1.047168
1.047168
1.047168
1.047168
1.047168
1.047168
1.047168
1.047168
1.047168
1.047168
1.047168
1.047168
1.047168
1.047168
1.047168
1.047168
1.047168
1.047168
1.047168
1.047168
1.047168
1.047168
1.047168
1.047168
1.047168
1.047168
1.047168
1.047168
1.047168
1.047168
1.047168
1.047168
1.047168
1.047169
1.047169
1.047169
1.047169
1.047169
1.047169
1.047169
1.047169
1.047169
1.047169
1.047169
1.047169
1.047169
1.047169
1.047169
1.047169
1.047169
1.047169
1.047169
1.047169
1.047169
1.047169
1.047169
1.047169
1.047169
1.047169
1.047169
1.047169
1.047169
1.047169
1.047169
1.047169
1.047169
1.047169
1.047169
1.047169
1.047170
1.047170
1.047170
1.047170
1.047170
1.047170
1.047170
1.047170
1.047170
1.047170
1.047170
1.047170
1.047170
1.047170
1.047170
1.047170
1.047170
1.047170
1.047170
1.047170
1.047170
1.047170
1.047170
1.047170
1.047170
1.047170
1.047170
1.047170
1.047170
1.047170
1.047170
1.047170
1.047170
1.047170
1.047170
1.047170
1.047170
1.047170
1.047171
1.047171
1.047171
1.047171
1.047171
1.047171
1.047171
1.047171
1.047171
1.047171
1.047171
1.047171
1.047171
1.047171
1.047171
1.047171
1.047171
1.047171
1.047171
1.047171
1.047171
1.047171
1.047171
1.047171
1.047171
1.047171
1.047171
1.047171
1.047171
1.047171
1.047171
1.047171
1.047171
1.047171
1.047171
1.047171
1.047171
1.047171
1.047171
1.047171
1.047171
1.047171
1.047172
1.047172
1.047172
1.047172
1.047172
1.047172
1.047172
1.047172
1.047172
1.047172
1.047172
1.047172
1.047172
1.047172
1.047172
1.047172
1.047172
1.047172
1.047172
1.047172
1.047172
1.047172
1.047172
1.047172
1.047172
1.047172
1.047172
1.047172
1.047172
1.047172
1.047172
1.047172
1.047172
1.047172
1.047172
1.047172
1.047172
1.047172
1.047172
1.047172
1.047172
1.047172
1.047172
1.047172
1.047173
1.047173
1.047173
1.047173
1.047173
1.047173
1.047173
1.047173
1.047173
1.047173
1.047173
1.047173
1.047173
1.047173
1.047173
1.047173
1.047173
1.047173
1.047173
1.047173
1.047173
1.047173
1.047173
1.047173
1.047173
1.047173
1.047173
1.047173
1.047173
1.047173
1.047173
1.047173
1.047173
1.047173
1.047173
1.047173
1.047173
1.047173
1.047173
1.047173
1.047173
1.047173
1.047173
1.047173
1.047173
1.047173
1.047173
1.047173
1.047174
1.047174
1.047174
1.047174
1.047174
1.047174
1.047174
1.047174
1.047174
1.047174
1.047174
1.047174
1.047174
1.047174
1.047174
1.047174
1.047174
1.047174
1.047174
1.047174
1.047174
1.047174
1.047174
1.047174
1.047174
1.047174
1.047174
1.047174
1.047174
1.047174
1.047174
1.047174
1.047174
1.047174
1.047174
1.047174
1.047174
1.047174
1.047174
1.047174
1.047174
1.047174
1.047174
1.047174
1.047174
1.047174
1.047174
1.047174
1.047174
1.047174
1.047174
1.047174
1.047174
1.047175
1.047175
1.047175
1.047175
1.047175
1.047175
1.047175
1.047175
1.047175
1.047175
1.047175
1.047175
1.047175
1.047175
1.047175
1.047175
1.047175
1.047175
1.047175
1.047175
1.047175
1.047175
1.047175
1.047175
1.047175
1.047175
1.047175
1.047175
1.047175
1.047175
1.047175
1.047175
1.047175
1.047175
1.047175
1.047175
1.047175
1.047175
1.047175
1.047175
1.047175
1.047175
1.047175
1.047175
1.047175
1.047175
1.047175
1.047175
1.047175
1.047175
1.047175
1.047175
1.047175
1.047175
1.047175
1.047175
1.047175
1.047176
1.047176
1.047176
1.047176
1.047176
1.047176
1.047176
1.047176
1.047176
1.047176
1.047176
1.047176
1.047176
1.047176
1.047176
1.047176
1.047176
1.047176
1.047176
1.047176
1.047176
1.047176
1.047176
1.047176
1.047176
1.047176
1.047176
1.047176
1.047176
1.047176
1.047176
1.047176
1.047176
1.047176
1.047176
1.047176
1.047176
1.047176
1.047176
1.047176
1.047176
1.047176
1.047176
1.047176
1.047176
1.047176
1.047176
1.047176
1.047176
1.047176
1.047176
1.047176
1.047176
1.047176
1.047176
1.047176
1.047176
1.047176
1.047176
1.047176
1.047176
1.047176
1.047176
1.047177
1.047177
1.047177
1.047177
1.047177
1.047177
1.047177
1.047177
1.047177
1.047177
1.047177
1.047177
1.047177
1.047177
1.047177
1.047177
1.047177
1.047177
1.047177
1.047177
1.047177
1.047177
1.047177
1.047177
1.047177
1.047177
1.047177
1.047177
1.047177
1.047177
1.047177
1.047177
1.047177
1.047177
1.047177
1.047177
1.047177
1.047177
1.047177
1.047177
1.047177
1.047177
1.047177
1.047177
1.047177
1.047177
1.047177
1.047177
1.047177
1.047177
1.047177
1.047177
1.047177
1.047177
1.047177
1.047177
1.047177
1.047177
1.047177
1.047177
1.047177
1.047177
1.047177
1.047177
1.047177
1.047177
1.047177
1.047177
1.047177
1.047178
1.047178
1.047178
1.047178
1.047178
1.047178
1.047178
1.047178
1.047178
1.047178
1.047178
1.047178
1.047178
1.047178
1.047178
1.047178
1.047178
1.047178
1.047178
1.047178
1.047178
1.047178
1.047178
1.047178
1.047178
1.047178
1.047178
1.047178
1.047178
1.047178
1.047178
1.047178
1.047178
1.047178
1.047178
1.047178
1.047178
1.047178
1.047178
1.047178
1.047178
1.047178
1.047178
1.047178
1.047178
1.047178
1.047178
1.047178
1.047178
1.047178
1.047178
1.047178
1.047178
1.047178
1.047178
1.047178
1.047178
1.047178
1.047178
1.047178
1.047178
1.047178
1.047178
1.047178
1.047178
1.047178
1.047178
1.047178
1.047178
1.047178
1.047178
1.047178
1.047178
1.047178
1.047178
1.047178
1.047179
1.047179
1.047179
1.047179
1.047179
1.047179
1.047179
1.047179
1.047179
1.047179
1.047179
1.047179
1.047179
1.047179
1.047179
1.047179
1.047179
1.047179
1.047179
1.047179
1.047179
1.047179
1.047179
1.047179
1.047179
1.047179
1.047179
1.047179
1.047179
1.047179
1.047179
1.047179
1.047179
1.047179
1.047179
1.047179
1.047179
1.047179
1.047179
1.047179
1.047179
1.047179
1.047179
1.047179
1.047179
1.047179
1.047179
1.047179
1.047179
1.047179
1.047179
1.047179
1.047179
1.047179
1.047179
1.047179
1.047179
1.047179
1.047179
1.047179
1.047179
1.047179
1.047179
1.047179
1.047179
1.047179
1.047179
1.047179
1.047179
1.047179
1.047179
1.047179
1.047179
1.047179
1.047179
1.047179
1.047179
1.047179
1.047179
1.047179
1.047179
1.047179
1.047179
1.047179
1.047180
1.047180
1.047180
1.047180
1.047180
1.047180
1.047180
1.047180
1.047180
1.047180
1.047180
1.047180
1.047180
1.047180
1.047180
1.047180
1.047180
1.047180
1.047180
1.047180
1.047180
1.047180
1.047180
1.047180
1.047180
1.047180
1.047180
1.047180
1.047180
1.047180
1.047180
1.047180
1.047180
1.047180
1.047180
1.047180
1.047180
1.047180
1.047180
1.047180
1.047180
1.047180
1.047180
1.047180
1.047180
1.047180
1.047180
1.047180
1.047180
1.047180
1.047180
1.047180
1.047180
1.047180
1.047180
1.047180
1.047180
1.047180
1.047180
1.047180
1.047180
1.047180
1.047180
1.047180
1.047180
1.047180
1.047180
1.047180
1.047180
1.047180
1.047180
1.047180
1.047180
1.047180
1.047180
1.047180
1.047180
1.047180
1.047180
1.047180
1.047180
1.047180
1.047180
1.047180
1.047180
1.047180
1.047180
1.047180
1.047180
1.047180
1.047180
1.047180
1.047180
1.047180
1.047180
1.047181
1.047181
1.047181
1.047181
1.047181
1.047181
1.047181
1.047181
1.047181
1.047181
1.047181
1.047181
1.047181
1.047181
1.047181
1.047181
1.047181
1.047181
1.047181
1.047181
1.047181
1.047181
1.047181
1.047181
1.047181
1.047181
1.047181
1.047181
1.047181
1.047181
1.047181
1.047181
1.047181
1.047181
1.047181
1.047181
1.047181
1.047181
1.047181
1.047181
1.047181
1.047181
1.047181
1.047181
1.047181
1.047181
1.047181
1.047181
1.047181
1.047181
1.047181
1.047181
1.047181
1.047181
1.047181
1.047181
1.047181
1.047181
1.047181
1.047181
1.047181
1.047181
1.047181
1.047181
1.047181
1.047181
1.047181
1.047181
1.047181
1.047181
1.047181
1.047181
1.047181
1.047181
1.047181
1.047181
1.047181
1.047181
1.047181
1.047181
1.047181
1.047181
1.047181
1.047181
1.047181
1.047181
1.047181
1.047181
1.047181
1.047181
1.047181
1.047181
1.047181
1.047181
1.047181
1.047181
1.047181
1.047181
1.047181
1.047181
1.047181
1.047181
1.047181
1.047181
1.047181
1.047181
1.047182
1.047182
1.047182
1.047182
1.047182
1.047182
1.047182
1.047182
1.047182
1.047182
1.047182
1.047182
1.047182
1.047182
1.047182
1.047182
1.047182
1.047182
1.047182
1.047182
1.047182
1.047182
1.047182
1.047182
1.047182
1.047182
1.047182
1.047182
1.047182
1.047182
1.047182
1.047182
1.047182
1.047182
1.047182
1.047182
1.047182
1.047182
1.047182
1.047182
1.047182
1.047182
1.047182
1.047182
1.047182
1.047182
1.047182
1.047182
1.047182
1.047182
1.047182
1.047182
1.047182
1.047182
1.047182
1.047182
1.047182
1.047182
1.047182
1.047182
1.047182
1.047182
1.047182
1.047182
1.047182
1.047182
1.047182
1.047182
1.047182
1.047182
1.047182
1.047182
1.047182
1.047182
1.047182
1.047182
1.047182
1.047182
1.047182
1.047182
1.047182
1.047182
1.047182
1.047182
1.047182
1.047182
1.047182
1.047182
1.047182
1.047182
1.047182
1.047182
1.047182
1.047182
1.047182
1.047182
1.047182
1.047182
1.047182
1.047182
1.047182
1.047182
1.047182
1.047182
1.047182
1.047182
1.047182
1.047182
1.047182
1.047182
1.047182
1.047182
1.047182
1.047182
1.047182
1.047182
1.047182
1.047182
1.047182
1.047182
1.047182
1.047183
1.047183
1.047183
1.047183
1.047183
1.047183
1.047183
1.047183
1.047183
1.047183
1.047183
1.047183
1.047183
1.047183
1.047183
1.047183
1.047183
1.047183
1.047183
1.047183
1.047183
1.047183
1.047183
1.047183
1.047183
1.047183
1.047183
1.047183
1.047183
1.047183
1.047183
1.047183
1.047183
1.047183
1.047183
1.047183
1.047183
1.047183
1.047183
1.047183
1.047183
1.047183
1.047183
1.047183
1.047183
1.047183
1.047183
1.047183
1.047183
1.047183
1.047183
1.047183
1.047183
1.047183
1.047183
1.047183
1.047183
1.047183
1.047183
1.047183
1.047183
1.047183
1.047183
1.047183
1.047183
1.047183
1.047183
1.047183
1.047183
1.047183
1.047183
1.047183
1.047183
1.047183
1.047183
1.047183
1.047183
1.047183
1.047183
1.047183
1.047183
1.047183
1.047183
1.047183
1.047183
1.047183
1.047183
1.047183
1.047183
1.047183
1.047183
1.047183
1.047183
1.047183
1.047183
1.047183
1.047183
1.047183
1.047183
1.047183
1.047183
1.047183
1.047183
1.047183
1.047183
1.047183
1.047183
1.047183
1.047183
1.047183
1.047183
1.047183
1.047183
1.047183
1.047183
1.047183
1.047183
1.047183
1.047183
1.047183
1.047183
1.047183
1.047183
1.047183
1.047183
1.047183
1.047183
1.047183
1.047183
1.047183
1.047183
1.047183
1.047183
1.047183
1.047183
1.047183
1.047183
1.047184
1.047184
1.047184
1.047184
1.047184
1.047184
1.047184
1.047184
1.047184
1.047184
1.047184
1.047184
1.047184
1.047184
1.047184
1.047184
1.047184
1.047184
1.047184
1.047184
1.047184
1.047184
1.047184
1.047184
1.047184
1.047184
1.047184
1.047184
1.047184
1.047184
1.047184
1.047184
1.047184
1.047184
1.047184
1.047184
1.047184
1.047184
1.047184
1.047184
1.047184
1.047184
1.047184
1.047184
1.047184
1.047184
1.047184
1.047184
1.047184
1.047184
1.047184
1.047184
1.047184
1.047184
1.047184
1.047184
1.047184
1.047184
1.047184
1.047184
1.047184
1.047184
1.047184
1.047184
1.047184
1.047184
1.047184
1.047184
1.047184
1.047184
1.047184
1.047184
1.047184
1.047184
1.047184
1.047184
1.047184
1.047184
1.047184
1.047184
1.047184
1.047184
1.047184
1.047184
1.047184
1.047184
1.047184
1.047184
1.047184
1.047184
1.047184
1.047184
1.047184
1.047184
1.047184
1.047184
1.047184
1.047184
1.047184
1.047184
1.047184
1.047184
1.047184
1.047184
1.047184
1.047184
1.047184
1.047184
1.047184
1.047184
1.047184
1.047184
1.047184
1.047184
1.047184
1.047184
1.047184
1.047184
1.047184
1.047184
1.047184
1.047184
1.047184
1.047184
1.047184
1.047184
1.047184
1.047184
1.047184
1.047184
1.047184
1.047184
1.047184
1.047184
1.047184
1.047184
1.047184
1.047184
1.047184
1.047184
1.047184
1.047184
1.047184
1.047184
1.047184
1.047184
1.047184
1.047184
1.047184
1.047184
1.047184
1.047184
1.047184
1.047184
1.047184
1.047184
1.047184
1.047184
1.047184
1.047185
1.047185
1.047185
1.047185
1.047185
1.047185
1.047185
1.047185
1.047185
1.047185
1.047185
1.047185
1.047185
1.047185
1.047185
1.047185
1.047185
1.047185
1.047185
1.047185
1.047185
1.047185
1.047185
1.047185
1.047185
1.047185
1.047185
1.047185
1.047185
1.047185
1.047185
1.047185
1.047185
1.047185
1.047185
1.047185
1.047185
1.047185
1.047185
1.047185
1.047185
1.047185
1.047185
1.047185
1.047185
1.047185
1.047185
1.047185
1.047185
1.047185
1.047185
1.047185
1.047185
1.047185
1.047185
1.047185
1.047185
1.047185
1.047185
1.047185
1.047185
1.047185
1.047185
1.047185
1.047185
1.047185
1.047185
1.047185
1.047185
1.047185
1.047185
1.047185
1.047185
1.047185
1.047185
1.047185
1.047185
1.047185
1.047185
1.047185
1.047185
1.047185
1.047185
1.047185
1.047185
1.047185
1.047185
1.047185
1.047185
1.047185
1.047185
1.047185
1.047185
1.047185
1.047185
1.047185
1.047185
1.047185
1.047185
1.047185
1.047185
1.047185
1.047185
1.047185
1.047185
1.047185
1.047185
1.047185
1.047185
1.047185
1.047185
1.047185
1.047185
1.047185
1.047185
1.047185
1.047185
1.047185
1.047185
1.047185
1.047185
1.047185
1.047185
1.047185
1.047185
1.047185
1.047185
1.047185
1.047185
1.047185
1.047185
1.047185
1.047185
1.047185
1.047185
1.047185
1.047185
1.047185
1.047185
1.047185
1.047185
1.047185
1.047185
1.047185
1.047185
1.047185
1.047185
1.047185
1.047185
1.047185
1.047185
1.047185
1.047185
1.047185
1.047185
1.047185
1.047185
1.047185
1.047185
1.047185
1.047185
1.047185
1.047185
1.047185
1.047185
1.047185
1.047185
1.047185
1.047185
1.047185
1.047185
1.047185
1.047185
1.047185
1.047185
1.047185
1.047185
1.047185
1.047185
1.047185
1.047185
1.047185
1.047185
1.047185
1.047185
1.047186
1.047186
1.047186
1.047186
1.047186
1.047186
1.047186
1.047186
1.047186
1.047186
1.047186
1.047186
1.047186
1.047186
1.047186
1.047186
1.047186
1.047186
1.047186
1.047186
1.047186
1.047186
1.047186
1.047186
1.047186
1.047186
1.047186
1.047186
1.047186
1.047186
1.047186
1.047186
1.047186
1.047186
1.047186
1.047186
1.047186
1.047186
1.047186
1.047186
1.047186
1.047186
1.047186
1.047186
1.047186
1.047186
1.047186
1.047186
1.047186
1.047186
1.047186
1.047186
1.047186
1.047186
1.047186
1.047186
1.047186
1.047186
1.047186
1.047186
1.047186
1.047186
1.047186
1.047186
1.047186
1.047186
1.047186
1.047186
1.047186
1.047186
1.047186
1.047186
1.047186
1.047186
1.047186
1.047186
1.047186
1.047186
1.047186
1.047186
1.047186
1.047186
1.047186
1.047186
1.047186
1.047186
1.047186
1.047186
1.047186
1.047186
1.047186
1.047186
1.047186
1.047186
1.047186
1.047186
1.047186
1.047186
1.047186
1.047186
1.047186
1.047186
1.047186
1.047186
1.047186
1.047186
1.047186
1.047186
1.047186
1.047186
1.047186
1.047186
1.047186
1.047186
1.047186
1.047186
1.047186
1.047186
1.047186
1.047186
1.047186
1.047186
1.047186
1.047186
1.047186
1.047186
1.047186
1.047186
1.047186
1.047186
1.047186
1.047186
1.047186
1.047186
1.047186
1.047186
1.047186
1.047186
1.047186
1.047186
1.047186
1.047186
1.047186
1.047186
1.047186
1.047186
1.047186
1.047186
1.047186
1.047186
1.047186
1.047186
1.047186
1.047186
1.047186
1.047186
1.047186
1.047186
1.047186
1.047186
1.047186
1.047186
1.047186
1.047186
1.047186
1.047186
1.047186
1.047186
1.047186
1.047186
1.047186
1.047186
1.047186
1.047186
1.047186
1.047186
1.047186
1.047186
1.047186
1.047186
1.047186
1.047186
1.047186
1.047186
1.047186
1.047186
1.047186
1.047186
1.047186
1.047186
1.047186
1.047186
1.047186
1.047186
1.047186
1.047186
1.047186
1.047186
1.047186
1.047186
1.047186
1.047186
1.047186
1.047186
1.047186
1.047186
1.047186
1.047186
1.047186
1.047186
1.047186
1.047186
1.047186
1.047186
1.047186
1.047186
1.047186
1.047186
1.047187
1.047187
1.047187
1.047187
1.047187
1.047187
1.047187
1.047187
1.047187
1.047187
1.047187
1.047187
1.047187
1.047187
1.047187
1.047187
1.047187
1.047187
1.047187
1.047187
1.047187
1.047187
1.047187
1.047187
1.047187
1.047187
1.047187
1.047187
1.047187
1.047187
1.047187
1.047187
1.047187
1.047187
1.047187
1.047187
1.047187
1.047187
1.047187
1.047187
1.047187
1.047187
1.047187
1.047187
1.047187
1.047187
1.047187
1.047187
1.047187
1.047187
1.047187
1.047187
1.047187
1.047187
1.047187
1.047187
1.047187
1.047187
1.047187
1.047187
1.047187
1.047187
1.047187
1.047187
1.047187
1.047187
1.047187
1.047187
1.047187
1.047187
1.047187
1.047187
1.047187
1.047187
1.047187
1.047187
1.047187
1.047187
1.047187
1.047187
1.047187
1.047187
1.047187
1.047187
1.047187
1.047187
1.047187
1.047187
1.047187
1.047187
1.047187
1.047187
1.047187
1.047187
1.047187
1.047187
1.047187
1.047187
1.047187
1.047187
1.047187
1.047187
1.047187
1.047187
1.047187
1.047187
1.047187
1.047187
1.047187
1.047187
1.047187
1.047187
1.047187
1.047187
1.047187
1.047187
1.047187
1.047187
1.047187
1.047187
1.047187
1.047187
1.047187
1.047187
1.047187
1.047187
1.047187
1.047187
1.047187
1.047187
1.047187
1.047187
1.047187
1.047187
1.047187
1.047187
1.047187
1.047187
1.047187
1.047187
1.047187
1.047187
1.047187
1.047187
1.047187
1.047187
1.047187
roop:2777 Applox_Num:1.047187